1, 1, 33.709686, 6.342215
1, 2, 2.619831, 6.344278
1, 4, 2.619629, 6.343659
1, 8, 2.618536, 6.337337
1, 16, 2.619734, 6.341203
1, 32, 2.620412, 6.342523
1, 64, 2.621901, 6.332867
1, 128, 2.615594, 6.340890
1, 256, 2.616768, 6.343042
1, 512, 2.609412, 6.341090
1, 1024, 2.614325, 6.337870
2, 1, 2.613246, 6.347844
2, 2, 2.620187, 6.355943
2, 4, 2.616429, 6.339565
2, 8, 2.616700, 6.347115
2, 16, 2.619165, 6.343719
2, 32, 2.610936, 6.349537
2, 64, 2.614322, 6.369188
2, 128, 2.615679, 6.409926
2, 256, 2.617181, 6.342162
2, 512, 2.618934, 6.341449
2, 1024, 2.618894, 6.222924
4, 1, 2.448202, 6.252816
4, 2, 2.592245, 6.348526
4, 4, 2.617286, 6.348783
4, 8, 2.603908, 6.351752
4, 16, 2.616412, 6.341106
4, 32, 2.620247, 6.347525
4, 64, 2.609231, 6.340325
4, 128, 2.602728, 6.313150
4, 256, 2.609410, 6.317926
4, 512, 2.608772, 6.309745
4, 1024, 2.607142, 6.316687
8, 1, 2.612636, 6.312737
8, 2, 2.612585, 6.308216
8, 4, 2.609104, 6.308203
8, 8, 2.606052, 6.306043
8, 16, 2.607950, 6.306650
8, 32, 2.611473, 6.307627
8, 64, 2.605506, 6.311089
8, 128, 2.609805, 6.317627
8, 256, 2.610272, 6.310948
8, 512, 2.608016, 6.231291
8, 1024, 2.417830, 6.284987
16, 1, 2.606133, 6.312096
16, 2, 2.608221, 6.312966
16, 4, 2.611325, 6.316528
16, 8, 2.611019, 6.316767
16, 16, 2.607510, 6.311598
16, 32, 2.619775, 6.346290
16, 64, 2.623130, 6.329055
16, 128, 2.618418, 6.312205
16, 256, 2.611707, 6.312025
16, 512, 2.609217, 6.316353
16, 1024, 2.608362, 6.339778
32, 1, 2.615226, 6.324439
32, 2, 2.613530, 6.305459
32, 4, 2.633027, 6.322252
32, 8, 2.605385, 6.304975
32, 16, 2.606349, 6.308906
32, 32, 2.608183, 6.286671
32, 64, 2.609661, 6.292750
32, 128, 2.606937, 6.292821
32, 256, 2.613372, 6.316123
32, 512, 2.611503, 6.293917
32, 1024, 2.608023, 6.301687
64, 1, 2.613906, 6.318808
64, 2, 2.614182, 6.301181
64, 4, 2.609597, 6.306554
64, 8, 2.615536, 6.305781
64, 16, 2.610924, 6.310911
64, 32, 2.613058, 6.310717
64, 64, 2.612025, 6.310677
64, 128, 2.608276, 6.315111
64, 256, 2.605490, 6.291909
64, 512, 2.604584, 6.287648
64, 1024, 2.641935, 6.294150
128, 1, 2.609111, 6.300665
128, 2, 2.609851, 6.306785
128, 4, 2.608023, 6.297249
128, 8, 2.605804, 6.293758
128, 16, 2.605381, 6.289599
128, 32, 2.605962, 6.292197
128, 64, 2.610601, 6.294910
128, 128, 2.606505, 6.294163
128, 256, 2.605679, 6.294012
128, 512, 2.609005, 6.296244
128, 1024, 2.597203, 6.587910
256, 1, 2.605301, 6.435626
256, 2, 2.602559, 6.450492
256, 4, 2.604708, 6.446736
256, 8, 2.606684, 6.454700
256, 16, 2.610675, 6.333721
256, 32, 2.606745, 6.326064
256, 64, 2.603468, 6.206445
256, 128, 2.603993, 6.190302
256, 256, 2.603194, 6.192747
256, 512, 2.612494, 6.347301
256, 1024, 2.573971, 6.803407
512, 1, 2.623668, 6.318026
512, 2, 2.607208, 6.318451
512, 4, 2.611127, 6.299198
512, 8, 2.608881, 6.303352
512, 16, 2.604544, 6.296530
512, 32, 2.603950, 6.310005
512, 64, 2.606502, 6.301456
512, 128, 2.608087, 6.296817
512, 256, 2.611059, 6.358951
512, 512, 2.586644, 6.644839
512, 1024, 2.564974, 7.361679
1024, 1, 2.589620, 6.623728
1024, 2, 2.604729, 6.360949
1024, 4, 2.605708, 6.356915
1024, 8, 2.606574, 6.362445
1024, 16, 2.612170, 6.363053
1024, 32, 2.606595, 6.358992
1024, 64, 2.605666, 6.363287
1024, 128, 2.608506, 6.370890
1024, 256, 2.603078, 6.487514
1024, 512, 2.560460, 6.956490
1024, 1024, 3.411354, 8.251703
2048, 1, 2.558434, 6.917725
2048, 2, 2.560456, 6.918489
2048, 4, 2.557658, 6.916374
2048, 8, 2.553621, 6.922749
2048, 16, 2.549817, 6.918135
2048, 32, 2.560001, 6.914533
2048, 64, 2.547154, 6.889556
2048, 128, 2.554348, 6.883651
2048, 256, 2.549319, 7.043937
2048, 512, 3.230850, 8.059769
2048, 1024, 5.894750, 10.720402
4096, 1, 3.210734, 8.005387
4096, 2, 3.211959, 8.008587
4096, 4, 3.212195, 8.003329
4096, 8, 3.211577, 8.010738
4096, 16, 3.212003, 8.008311
4096, 32, 3.211813, 8.005221
4096, 64, 3.169646, 7.981399
4096, 128, 3.157912, 7.981071
4096, 256, 3.401030, 8.243024
4096, 512, 5.475001, 10.296023
4096, 1024, 10.771371, 15.609956
8192, 1, 5.472131, 10.288042
8192, 2, 5.473580, 10.298068
8192, 4, 5.470756, 10.289984
8192, 8, 5.473182, 10.283649
8192, 16, 5.474008, 10.289783
8192, 32, 5.473429, 10.287760
8192, 64, 5.404275, 10.229464
8192, 128, 5.380763, 10.209349
8192, 256, 5.755725, 10.575965
8192, 512, 9.985353, 14.871290
8192, 1024, 20.721599, 25.545948
16384, 1, 10.059209, 14.888562
16384, 2, 10.058021, 14.878508
16384, 4, 10.058418, 14.888259
16384, 8, 10.059069, 14.887035
16384, 16, 10.059301, 14.891578
16384, 32, 10.058024, 14.812920
16384, 64, 10.004401, 14.833924
16384, 128, 9.978263, 14.801568
16384, 256, 10.516947, 15.428463
16384, 512, 19.040318, 23.875317
16384, 1024, 40.426884, 45.267225
